
X <- 4
X
